$ 1 0.000005 382.76258214399064 35 5 50 5e-11
v 48 288 48 192 0 0 40 24 0 0 0.5
w 48 192 48 144 0
w 112 80 112 32 0
r 224 32 288 32 0 6
r 224 80 288 80 0 6
w 112 80 112 144 0
r 224 144 288 144 0 2
370 112 80 224 80 3 0 0
370 112 32 224 32 3 0 0
370 112 144 224 144 3 0 0
370 48 80 112 80 3 0 0
w 48 80 48 144 0
w 288 32 288 80 0
w 288 144 288 80 0
370 288 80 352 80 3 0 0
w 352 80 448 80 2
p 112 -16 288 -16 3 0 0 10000000
w 288 32 288 -16 0
w 112 32 112 -16 0
370 448 80 448 144 3 0 0
w 448 144 416 144 0
w 448 144 480 144 0
370 416 144 416 208 3 0 0
370 480 144 480 208 3 0 0
r 416 208 416 272 0 8
r 480 208 480 272 0 12
w 480 272 448 272 0
w 416 272 448 272 0
370 448 272 448 336 3 0 0
w 448 336 48 336 3
w 48 336 48 288 0
g 48 336 48 384 0 0
w 480 144 528 144 0
w 480 272 528 272 0
p 528 144 528 272 3 0 0 10000000
