$ 1 0.000005 10.20027730826997 50 5 43 5e-11
r 32 240 32 208 0 8000
r 96 160 144 160 0 4000
r 240 176 240 240 0 24000
r 112 304 192 304 0 12000
r 336 304 384 304 0 12000
v 384 256 384 208 0 0 40 72 0 0 0.5
r 448 160 528 160 0 12000
r 544 208 512 256 0 9000
r 608 208 672 304 0 3000
r 544 304 624 304 0 6000
w 32 208 32 160 3
w 32 160 96 160 0
w 144 160 208 160 3
w 208 160 240 160 0
w 240 160 240 176 0
w 240 240 240 272 0
w 192 304 240 304 3
w 112 304 32 304 3
w 32 272 32 240 0
w 384 160 240 160 3
w 544 208 576 160 3
w 528 160 576 160 2
w 576 160 608 208 3
w 624 304 672 304 0
w 480 304 544 304 3
w 480 304 384 304 3
w 384 304 384 288 0
w 336 304 320 304 0
w 32 272 32 304 0
w 240 272 240 304 0
p 512 192 480 240 3 0 0 10000000
w 512 192 544 208 0
w 480 240 512 256 0
370 240 304 320 304 3 0 0
370 384 208 384 160 3 0 0
w 384 256 384 288 0
370 384 160 448 160 3 0 0
w 512 256 480 304 0
