$ 1 0.000005 382.76258214399064 50 5 50 5e-11
r 336 80 336 112 0 6800
w 176 80 336 80 0
w 336 112 336 144 0
w 336 80 448 80 3
w 336 144 384 144 3
w 336 144 288 144 0
r 288 144 288 208 0 18000
r 384 144 384 208 0 2000
w 448 176 448 208 0
r 448 208 448 272 0 8200
w 288 208 288 224 0
w 384 208 384 224 0
w 448 272 336 272 3
w 288 224 336 224 3
w 384 224 336 224 0
w 336 224 336 272 0
g 48 272 48 304 0 0
370 48 80 176 80 3 0 0
v 48 272 48 80 0 0 40 12 0 0 0.5
370 448 80 448 176 3 0 0
w 336 272 48 272 3
p 336 144 336 224 3 0 0 10000000
